2
00000000000000000000000000000000000000000000000000000000000000000000000000000000
00000000000000000000000000000000000000000000000000000000000000000000000000000000
00000000000000000000000000000000000000000000000000000000000000000000000000000000
00000000000000000000000000000000000000000000000000000000000000000000000000000000
00000000000000000000000000000000000000000000000000000000000000000000000000000000
00000000000000000000000000000000000000000000000000000000000000000000000000000000
00000000000000000000000000000000000000000000000000000000000000000000000000000000
00000000000000000000000000000000000000000000000000000000000010010000000000000000
00000000000000000000000000000000000000000000000000000000000100000000000000000000
00000000000000000000000000000000000000000000000000000000000100010000000000011000
00000000000000000000000000000000000000000000000000000000000111100000000000100000
00000000000000000000000000000000000000000000000000000000000000000111001100000010
00000000000000000000000000000000000000000000000000000000000000000111001100000001
00000000000000000000000000000000000000000000000000000000000000000111001100000010
00000000000000000000000000000000000000000000000000000000000111100000000000100000
00000000000000000000000000000000000000000000000000000000000100010000000000011000
00000000000000000000000000000000000000000000000000000000000100000000000000000000
00000000000000000000000000000000000000000000000000000000000010010000000000000000
00000000000000000000000000000000000000000000000000000000000000000000000000000000
00000000000000000000000000000000000000000000000000000000000000000000000000000000
00000000000000000000000000000000000000000000000000000000000000000000000000000000
00000000000000000000000000000000000000000000000000000000000000000000000000000000
00000000000000000000000000000000000000000000000000000000000000000000000000000000
00000000000000000000000000000000000000000000000000000000000000000000000000000000
00000000000000000000000000000000000000000000000000000000000000000000000000000000